Throughput overhead (geomean)
spectre_sfi_breakout: 19.11001253359381
spectre_hfi_breakout: -0.08027245458899213
